普通1-2   0.47    0.53    0.45    0.55    0.9 优惠券
普通1-3   0.47    0.55    0.53    0.45    0.9 老冰棍
普通1-6   0.45    0.53    0.47    0.55    0.9 帽子
普通1-7   0.55    0.47    0.45    0.53    0.9 雨伞
普通1-10  0.45    0.47    0.53    0.55    0.9 针管
普通1-11  0.55    0.45    0.53    0.47    0.9 望远镜
普通1-13  0.55    0.53    0.47    0.45    0.8 泡面
普通1-15  0.47    0.53    0.55    0.45    0.8 鼠标
普通1-16  0.45    0.53    0.47    0.55    0.8 化妆包
普通2-2   0.55    0.47    0.45    0.53    0.8 丝袜奶茶
普通2-4   0.45    0.55    0.47    0.53    0.8 手链
普通2-5   0.55    0.47    0.53    0.45    0.8 马克杯
普通2-7   0.55    0.53    0.47    0.45    0.8 茶叶
普通2-8   0.53    0.47    0.45    0.55    0.8 牛排
普通2-9   0.53    0.45    0.55    0.47    0.8 水晶球
普通2-13  0.47    0.53    0.55    0.45    0.8 钱包
普通2-14  0.45    0.53    0.55    0.47    0.8 洗发水
普通2-17  0.45    0.55    0.47    0.53    0.85    钥匙扣
普通2-18  0.45    0.65    0.55    0.35    0.95    符
普通3-2   0.55    0.65    0.45    0.35    0.9 指南针
普通3-5   0.35    0.45    0.65    0.55    0.85    润肤霜
普通3-6   0.65    0.35    0.45    0.55    0.8 吹风机
普通3-9   0.65    0.45    0.35    0.55    0.75    冰淇淋
普通3-11  0.45    0.35    0.55    0.65    0.7 大柴柴
普通3-13  0.55    0.65    0.35    0.45    0.65    古币
普通3-14  0.65    0.35    0.45    0.55    0.6 平安扣
普通3-16  0.55    0.35    0.45    0.65    0.55    流苏玉佩
普通3-18  0.45    0.65    0.35    0.55    0.5 吊坠
普通3-19  0.35    0.65    0.45    0.55    0.5 关东煮
普通4-3   0.65    0.55    0.35    0.45    0.5 止痛喷雾
普通4-4   0.65    0.45    0.35    0.55    0.5 火鸡
普通4-7   0.55    0.65    0.35    0.45    0.5 体检卡
普通4-8   0.55    0.35    0.45    0.65    0.5 面包
普通4-10  0.45    0.65    0.35    0.55    0.5 书
普通4-12  0.45    0.35    0.55    0.65    0.5 炸鸡桶
普通4-14  0.45    0.55    0.65    0.35    0.5 胶囊
普通4-15  0.65    0.35    0.55    0.45    0.5 围裙
普通4-17  0.55    0.35    0.65    0.45    0.5 电熨斗
普通4-19  0.45    0.35    0.65    0.55    0.5 收纳篮
普通5-2   0.55    0.35    0.65    0.45    0.5 三脚架
普通5-3   0.55    0.45    0.35    0.65    0.5 镜头
普通5-5   0.45    0.65    0.35    0.55    0.5 礼物
普通5-8   0.35    0.45    0.65    0.55    0.5 u盘
普通5-9   0.45    0.55    0.35    0.65    0.5 VR设备
普通5-11  0.25    0.4 0.6 0.75    0.5 便当
普通5-13  0.6 0.25    0.4 0.75    0.5 挎包
普通5-15  0.6 0.4 0.75    0.25    0.5 饭团
普通5-18  0.6 0.25    0.75    0.4 0.5 数位板
普通5-20  0.4 0.25    0.6 0.75    0.5 司南
普通6-3   0.25    0.4 0.75    0.6 0.5 鲜花
普通6-4   0.4 0.6 0.25    0.75    0.5 甜点
普通6-6   0.25    0.4 0.75    0.6 0.5 汤包
普通6-7   0.75    0.25    0.4 0.6 0.5 沙拉
普通6-9   0.25    0.6 0.4 0.75    0.5 竹子
普通6-10  0.25    0.4 0.75    0.6 0.5 口罩
普通6-12  0.75    0.6 0.25    0.4 0.5 香薰
普通6-14  0.25    0.6 0.4 0.75    0.5 御守
普通6-15  0.4 0.6 0.75    0.25    0.5 面具
普通6-17  0.6 0.75    0.4 0.25    0.5 耳机
普通6-18  0.35    0.85    0.2 0.6 0.5 花环
普通7-3   0.85    0.2 0.6 0.35    0.5 杏鲍菇
普通7-5   0.85    0.2 0.35    0.6 0.5 入场券
普通7-7   0.85    0.6 0.2 0.35    0.5 水果篮
普通7-10  0.85    0.35    0.2 0.6 0.5 玉如意
普通7-13  0.35    0.6 0.2 0.85    0.5 紫砂壶
普通7-15  0.6 0.2 0.85    0.35    0.5 青花瓷瓶
普通7-17  0.2 0.6 0.35    0.85    0.5 龙井虾仁
普通7-19  0.35    0.2 0.85    0.6 0.5 扬州炒饭
普通7-21  0.6 0.35    0.85    0.2 0.5 牛肉面
普通7-22  0.85    0.6 0.35    0.2 0.5 东坡肉
普通8-2   0.85    0.2 0.6 0.35    0.5 佛跳墙
普通8-5   0.2 0.35    0.6 0.85    0.5 八卦镜
普通8-8   0.35    0.2 0.6 0.85    0.5 拂尘
普通8-9   0.2 0.6 0.85    0.35    0.5 龙井茶
普通8-11  0.2 0.85    0.6 0.35    0.5 铁观音
普通8-15  0.85    0.6 0.35    0.2 0.5 大吉岭
普通8-16  0.2 0.35    0.6 0.85    0.5 普洱茶
普通8-18  0.85    0.2 0.35    0.6 0.5 古典竹伞
普通8-20  0.85    0.6 0.2 0.35    0.5 蕾丝丝带
普通8-22  0.85    0.2 0.35    0.6 0.5 伞头
普通9-3   0.6 0.2 0.85    0.35    0.5 景点票根
普通9-4   0.35    0.6 0.2 0.85    0.5 防晒霜
普通9-6   0.2 0.6 0.85    0.35    0.5 晕机药
普通9-9   0.85    0.35    0.2 0.6 0.5 瓶装牛奶
普通9-12  0.85    0.6 0.2 0.35    0.5 特色便当
普通9-13  0.2 0.6 0.85    0.35    0.5 多肉盆栽
普通9-16  0.6 0.2 0.85    0.35    0.5 景观毬藻
普通9-17  0.6 0.85    0.2 0.35    0.5 洒水壶
普通9-19  0.6 0.85    0.2 0.35    0.5 小笼汤包
普通9-21  0.35    0.2 0.6 0.85    0.5 生煎包
普通10-3  0.6 0.2 0.35    0.85    0.5 锅贴
普通10-6  0.6 0.35    0.85    0.2 0.5 鸭血粉丝汤
普通10-9  0.85    0.2 0.35    0.6 0.5 牛肉汤
普通10-12 0.35    0.2 0.85    0.6 0.5 蟹黄包
普通10-13 0.6 0.35    0.85    0.2 0.5 美发卡
普通10-16 0.2 0.6 0.35    0.85    0.5 发夹
普通10-19 0.85    0.6 0.35    0.2 0.5 理发套装
普通10-22 0.2 0.35    0.85    0.6 0.5 清洁剂
普通10-23 0.35    0.6 0.85    0.2 0.5 扫地机器人
普通10-24 0.35    0.2 0.6 0.85    0.5 肉松饼
精英1-1   0.53    0.45    0.47    0.55    0.8 我的录音笔
精英1-2   0.47    0.53    0.55    0.45    0.75    李泽言的红酒
精英1-3   0.55    0.47    0.45    0.53    0.7 许墨的烟花棒
精英1-4   0.53    0.55    0.47    0.45    0.65    棋洛的熊布偶
精英1-5   0.53    0.55    0.45    0.47    0.6 白起的银杏叶
精英1-6   0.55    0.47    0.53    0.45    0.55    周棋洛签名CD
精英1-7   0.53    0.47    0.45    0.55    0.5 白起的警徽
精英1-8   0.47    0.55    0.53    0.45    0.5 我的香水
精英1-9   0.47    0.45    0.53    0.55    0.5 许墨的萤火灯
精英1-10  0.55    0.45    0.47    0.53    0.5 李泽言的布丁
精英2-1   0.47    0.53    0.55    0.45    0.5 我的布丁
精英2-2   0.45    0.55    0.53    0.47    0.5 李泽言的黑卡
精英2-3   0.47    0.55    0.45    0.53    0.5 李泽言的红酒
精英2-4   0.47    0.55    0.53    0.45    0.5 许墨的解剖刀
精英2-5   0.45    0.55    0.53    0.47    0.5 许墨的烟花棒
精英2-6   0.53    0.45    0.55    0.47    0.5 白起的银杏叶
精英2-7   0.55    0.47    0.53    0.45    0.5 周棋洛的薯片
精英2-8   0.55    0.45    0.53    0.47    0.5 我的录音笔
精英2-9   0.53    0.47    0.55    0.45    0.5 白起的通讯器
精英2-10  0.53    0.45    0.55    0.47    0.5 棋洛的熊布偶
精英3-1   0.35    0.45    0.55    0.65    0.5 我的自拍杆
精英3-2   0.55    0.35    0.45    0.65    0.5 白起的子弹
精英3-3   0.55    0.65    0.45    0.35    0.5 周棋洛签名CD
精英3-4   0.45    0.35    0.65    0.55    0.5 李泽言的领带
精英3-5   0.55    0.45    0.35    0.65    0.5 许墨的萤火灯
精英3-6   0.65    0.55    0.35    0.45    0.5 李泽言的布丁
精英3-7   0.65    0.55    0.45    0.35    0.5 白起的警徽
精英3-8   0.35    0.55    0.65    0.45    0.5 许墨的ipad
精英3-9   0.45    0.65    0.35    0.55    0.5 周棋洛的写真
精英3-10  0.45    0.35    0.65    0.55    0.5 我的香水
精英4-1   0.45    0.35    0.55    0.65    0.5 白起的手套
精英4-2   0.65    0.55    0.35    0.45    0.5 李泽言的公仔
精英4-3   0.65    0.35    0.45    0.55    0.5 棋洛的熊布偶
精英4-4   0.35    0.55    0.45    0.65    0.5 我的布丁
精英4-5   0.45    0.55    0.35    0.65    0.5 我的录音笔
精英4-6   0.55    0.65    0.45    0.35    0.5 我的随身相机
精英4-7   0.35    0.65    0.55    0.45    0.5 许墨的烟花棒
精英4-8   0.65    0.35    0.55    0.45    0.5 李泽言的红酒
精英4-9   0.55    0.65    0.35    0.45    0.5 李泽言的黑卡
精英4-10  0.55    0.35    0.65    0.45    0.5 棋洛零食礼盒
精英5-1   0.6 0.75    0.25    0.4 0.5 许墨的解剖刀
精英5-2   0.75    0.4 0.25    0.6 0.5 白起的通讯器
精英5-3   0.75    0.25    0.6 0.4 0.5 白起的银杏叶
精英5-4   0.25    0.75    0.6 0.4 0.5 许墨的白茶
精英5-5   0.6 0.25    0.75    0.4 0.5 周棋洛的薯片
精英5-6   0.25    0.4 0.6 0.75    0.5 许墨的烟花棒
精英5-7   0.25    0.75    0.6 0.4 0.5 许墨的萤火灯
精英5-8   0.4 0.6 0.75    0.25    0.5 白起的子弹
精英5-9   0.4 0.6 0.75    0.25    0.5 周棋洛签名CD
精英5-10  0.6 0.4 0.25    0.75    0.5 许墨的ipad
精英6-1   0.25    0.4 0.75    0.6 0.5 李泽言的红酒
精英6-2   0.6 0.25    0.75    0.4 0.5 周棋洛的薯片
精英6-3   0.25    0.4 0.75    0.6 0.5 许墨的解剖刀
精英6-4   0.6 0.25    0.75    0.4 0.5 我的香水
精英6-5   0.25    0.75    0.6 0.4 0.5 棋洛的熊布偶
精英6-6   0.25    0.6 0.4 0.75    0.5 白起的警徽
精英6-7   0.75    0.4 0.6 0.25    0.5 我的香水
精英6-8   0.75    0.25    0.6 0.4 0.5 李泽言的布丁
精英6-9   0.75    0.6 0.25    0.4 0.5 李泽言的领带
精英6-10  0.4 0.25    0.75    0.6 0.5 周棋洛的写真
精英7-1   0.35    0.6 0.2 0.85    0.5 周棋落签名CD
精英7-2   0.2 0.35    0.6 0.85    0.5 我的录音笔
精英7-3   0.35    0.85    0.6 0.2 0.5 我的布丁
精英7-4   0.6 0.85    0.35    0.2 0.5 李泽言的黑卡
精英7-5   0.6 0.35    0.2 0.85    0.5 许墨的荧火灯
精英7-6   0.85    0.2 0.6 0.35    0.5 白起的银杏叶
精英7-7   0.85    0.2 0.6 0.35    0.5 我的自拍杆
精英7-8   0.85    0.6 0.35    0.2 0.5 李泽言的布丁
精英7-9   0.85    0.35    0.2 0.6 0.5 白起的警徽
精英7-10  0.35    0.85    0.2 0.6 0.5 白起的通讯器
精英8-1   0.85    0.2 0.6 0.35    0.5 棋洛零食礼盒
精英8-2   0.2 0.35    0.85    0.6 0.5 李泽言的领带
精英8-3   0.2 0.6 0.35    0.85    0.5 许墨的平安结
精英8-4   0.6 0.35    0.2 0.85    0.5 许墨的iPad
精英8-5   0.35    0.85    0.2 0.6 0.5 白起的手套
精英8-6   0.35    0.6 0.2 0.85    0.5 周棋洛的写真
精英8-7   0.2 0.35    0.6 0.85    0.5 我的发带
精英8-8   0.35    0.2 0.6 0.85    0.5 李泽言的公仔
精英8-9   0.85    0.35    0.6 0.2 0.5 白起的子弹
精英8-10  0.85    0.35    0.2 0.6 0.5 许墨的白茶
精英9-1   0.6 0.3 0.9 0.2 0.5 棋洛的手电筒
精英9-2   0.3 0.6 0.9 0.2 0.5 李泽言的骆驼
精英9-3   0.9 0.3 0.2 0.6 0.5 我的随身相机
精英9-4   0.9 0.6 0.3 0.2 0.5 白起的信件
精英9-5   0.6 0.3 0.2 0.9 0.5 我的自拍杆
精英9-6   0.6 0.9 0.2 0.3 0.5 许墨的白茶
精英9-7   0.3 0.2 0.6 0.9 0.5 白起的信件
精英9-8   0.2 0.6 0.3 0.9 0.5 李泽言的黑卡
精英9-9   0.6 0.3 0.2 0.9 0.5 李泽言的骆驼
精英9-10  0.6 0.3 0.2 0.9 0.5 棋洛零食礼盒
精英10-1  0.2 0.3 0.9 0.6 0.5 我的发带
精英10-2  0.6 0.9 0.2 0.3 0.5 我的布丁
精英10-3  0.6 0.3 0.2 0.9 0.5 李泽言的公仔
精英10-4  0.2 0.3 0.6 0.9 0.5 许墨的平安结
精英10-5  0.2 0.3 0.9 0.6 0.5 白起的手套
精英10-6  0.6 0.3 0.9 0.2 0.5 周棋洛的薯片
精英10-7  0.2 0.9 0.3 0.6 0.5 许墨的解剖刀
精英10-8  0.2 0.6 0.9 0.3 0.5 我的随身相机
精英10-9  0.9 0.3 0.6 0.2 0.5 白起的通讯器
精英10-10 0.6 0.3 0.9 0.2 0.5 棋洛的手电筒
拍摄副本1-2 0.47    0.45    0.55    0.53    0.8 R·易如反掌
拍摄副本1-3 0.45    0.55    0.53    0.47    0.75    R·右手边的你
拍摄副本1-4 0.55    0.53    0.47    0.45    0.7 R·易如反掌
拍摄副本1-5 0.55    0.45    0.53    0.47    0.65    R·审视
拍摄副本1-6 0.53    0.47    0.55    0.45    0.6 R·右手边的你
拍摄副本2-2 0.55    0.45    0.53    0.47    0.55    R·思索
拍摄副本2-3 0.45    0.35    0.65    0.55    0.5 R·审视
拍摄副本2-4 0.35    0.65    0.45    0.55    0.5 R·易如反掌
拍摄副本2-5 0.65    0.35    0.45    0.55    0.5 R·右手边的你
拍摄副本2-6 0.65    0.55    0.45    0.35    0.5 R·契约
拍摄副本3-2 0.55    0.35    0.45    0.65    0.5 R·审视
拍摄副本3-3 0.45    0.35    0.65    0.55    0.5 R·契约
拍摄副本3-4 0.25    0.6 0.75    0.4 0.5 R·思索
拍摄副本3-5 0.4 0.6 0.75    0.25    0.5 R·契约
拍摄副本3-6 0.25    0.4 0.75    0.6 0.5 SR·侧耳倾听
拍摄副本4-2 0.6 0.4 0.25    0.75    0.5 R·思索
拍摄副本4-3 0.4 0.6 0.25    0.75    0.5 R·易如反掌
拍摄副本4-4 0.25    0.6 0.75    0.4 0.5 R·卸下心防
拍摄副本4-5 0.85    0.6 0.35    0.2 0.5 R·契约
拍摄副本4-6 0.6 0.2 0.85    0.35    0.5 SR·侧耳倾听
拍摄副本5-2 0.85    0.2 0.35    0.6 0.5 R·卸下心防
拍摄副本5-3 0.2 0.6 0.35    0.85    0.5 R·思索
拍摄副本5-4 0.6 0.2 0.35    0.85    0.5 R·右手边的你
拍摄副本5-5 0.35    0.85    0.6 0.2 0.5 R·卸下心防
拍摄副本5-6 0.3 0.6 0.9 0.2 0.5 SR·试问真心
拍摄副本6-2 0.2 0.9 0.6 0.3 0.5 R·整装待发
拍摄副本6-3 0.9 0.2 0.3 0.6 0.5 R·审视
拍摄副本6-4 0.6 0.9 0.3 0.2 0.5 R·卸下心防
拍摄副本6-5 0.2 0.9 0.6 0.3 0.5 R·整装待发
拍摄副本6-6 0.3 0.6 0.2 0.9 0.5 SR·试问真心
竞技场·喜剧大师    9.56    10.28   11.33   12  0   -
竞技场·公路冒险    10.28   9.56    12  11.33   0   -
竞技场·悬念时刻    9.56    11.33   10.28   12  0   -
竞技场·惊悚记 10.28   11.33   12  9.56    0   -
竞技场·战争年代    9.56    12  10.28   11.33   0   -
竞技场·西部边境    10.28   12  11.33   9.56    0   -
竞技场·爱情的味道   11.33   10.28   9.56    12  0   -
竞技场·恐怖日记    11.33   9.56    12  10.28   0   -
竞技场·悲惨人生    12  11.33   10.28   9.56    0   -
竞技场·科幻契约    12  9.56    11.33   10.28   0   -